      0     1     2     3     4     5     ...  1018  1019  1020  1021  1022  1023
0       54    56    56    55    51    51  ...    82    90    95    94    97   102
1       54    56    57    56    53    52  ...    85    90    92    91    94   100
2       54    56    58    58    56    54  ...    88    90    89    88    93    99
3       54    56    58    59    58    56  ...    87    88    87    89    95   102
4       57    57    59    60    60    59  ...    82    84    87    92    98   103
...    ...   ...   ...   ...   ...   ...  ...   ...   ...   ...   ...   ...   ...
1019    72    66    62    64    69    69  ...    86    81    73    68    62    56
1020    80    70    60    62    72    77  ...    77    74    73    73    68    61
1021    84    74    63    63    74    83  ...    80    71    65    70    80    88
1022    79    74    65    62    70    81  ...    82    71    61    65    76    86
1023    73    74    69    64    68    80  ...    78    70    65    64    62    58

[1024 rows x 1024 columns]