       0      1      2      3      4     ...   1019   1020   1021   1022    1023
0     59.25  56.75  56.75  55.25  52.25  ...  90.50  89.75  94.75  98.75  102.00
1     52.50  55.00  55.75  60.25  54.25  ...  95.50  89.75  90.50  95.50   92.00
2     51.50  48.75  54.25  56.00  57.50  ...  89.25  88.75  96.00  91.00  100.00
3     55.75  59.00  60.25  58.00  61.75  ...  84.50  88.00  88.75  95.00   99.25
4     58.25  59.00  60.75  55.75  63.25  ...  89.50  84.75  92.25  99.25  104.00
...     ...    ...    ...    ...    ...  ...    ...    ...    ...    ...     ...
1019  72.25  67.25  66.50  67.25  67.25  ...  81.00  68.00  74.00  55.50   62.50
1020  81.25  75.00  64.75  57.50  67.75  ...  75.00  72.75  74.00  67.25   58.00
1021  87.75  72.25  67.00  70.50  70.00  ...  72.50  65.75  75.50  88.00   86.00
1022  84.25  66.00  62.50  70.50  69.50  ...  79.00  62.25  61.75  80.00   76.00
1023  73.00  77.00  65.50  62.00  63.50  ...  73.75  68.50  59.25  64.25   66.25

[1024 rows x 1024 columns]